42083207
42066496
42059394
42039826
41994282
41980940
41971325
41951111
41935154
41921920
41918528
41904571
41900466
41897913
41897699
41893724
41881804
41828538
41814421
41794500
41787302
41784373
41776697
41775266
41768933
41761700
41757098
41754401
41740355
41707490
41700855
41696020
41689625
41679623
41675709
41673107
41619990
41618383
41611514
41598945
41597574
41585377
41572341
41468963
41451983
41448295
41404904
41401858
41399814
41391320
41390863
41389008
41378778
41354993
41340151
41321534
41310419
41305606
41302874
41271321
41269708
41261182
41231970
41230492
41192191
41163128
41160143
41159770
41148302
41143740
41143690
41101217
41083440
41075532
41059035
41044758
41039213
41029787
41019955
41011492
41007969
40989616
40966844
40911131
40890565
40877785
40874053
40869994
40864614
40862149
40845728
40833800
40833454
40832881
40819039
40817325
40810527
40810386
40794845
40785991
40732113
40724573
40723970
40702575
40693139
40683643
40674393
40649719
40646844
40640502
40635073
40630181
40624279
40584121
40576355
40565336
40562089
40558396
40544290
40541587
40517265
40507096
40501599
40499635
40495477
40472638
40469517
40459709
40442787
40383381
40369669
40354439
40326765
40310547
40302838
40287860
40266918
40252413
40236485
40235074
40199934
40194477
40172215
40169141
40165002
40151573
40102546
40075266
40037072
40029616
40007795
40000891
39983259
39968350
39968349
39966566
39940893
39927333
39920864
39898316
39881387
39805250
39763902
39761739
39728494
39725445
39723822
39717273
39709798
39707511
39680691
39675442
39644773
39640398
39620359
39597593
39580871
39574606
39536991
39519025
39508089
39478626
39475924
39399231
39385092
39379811
39351096
39323428
39318427
39290662
39277613
39253815
39248477
39235557
39232318
39186744
39175129
39168909
39149494
39142421
39107841
39079980
39070656
39039075
39037720
39037312
39030898
39030691
39030654
39027090
39014939
38975795
38975760
38973153
38943206
38931255
38923598
38910254
38892546
38870614
38864950
38825773
38815878
38807988
38735389
38722758
38711779
38692848
38690316
38685762
38647897
38627869
38606356
38555432
38546528
38533674
38529182
38519004
38498111
38483509
38481663
38451230
38440144
38396840
38384302
38336077
38331218
38329115
38321177
38312103
38305096
38281699
38273006
38258019
38254365
38231315
38231265
38203712
38170981
38163076
38145758
38139356
38138066
38137965
38108689
38108654
38067023
38031339
37993724
37981184
37974103
37938667
37937647
37915425
37909786
37877794
37858797
37830846
37830742
37792060
37752615
37705113
37697496
37666200
37620768
37620319
37610102
37569608
37525231
37504575
37473695
37452210
37450589
37445967
37440367
37439777
37434868
37386075
37355675
37347191
37298198
37297388
37286586
37280708
37255458
37224782
37215025
37209654
37208728
37178644
37145290
37141097
37140369
37110500
37100380
37100093
37090719
37027361
37005428
37004685
36993518
36943061
36930202
36896179
36879316
36846779
36846268
36835663
36798135
36794931
36748471
36737703
36722794
36719194
36640575
36638091
36624306
36604114
36593662
36575413
36539569
36511688
36496896
36475774
36472670
36466423
36386721
36386659
36364726
36331819
36331337
36326884
36321901
36318011
36296333
36290512
36290099
36288294
36231135
36219101
36216056
36181381
36174380
36139998
36125286
36119925
36112078
36109557
36094201
36084068
36045431
36005344
35995802
35992659
35963228
35950862
35939214
35914559
35907589
35892380
35889095
35858888
35814682
35814657
35794639
35783415
35752737
35751084
35749534
35744684
35702025
35664067
35642928
35630349
35625259
35583811
35579684
35559844
35538082
35526643
35525356
35516807
35506233
35502903
35501923
35499050
35495718
35468931
35467389
35456777
35449330
35437627
35437328
35436900
35434041
35416680
35399616
35392807
35387878
35345588
35301363
35300678
35286304
35272717
35272716
35262396
35185872
35185856
35158077
35141306
35136548
35051309
35023810
35014712
34975785
34964882
34956130
34906228
34880836
34861636
34843867
34835287
34828011
34784973
34764945
34737748
34711286
34623538
34613750
34608480
34598739
34564366
34563039
34530620
34508122
34473943
34453585
34442694
34414128
34407839
34401412
34370660
34355428
34325744
34301966
34252569
34176489
34174174
34144563
34109451
34095150
34088956
34082069
34080630
34079556
34040632
34024606
33980682
33980678
33975936
33973321
33970781
33962692
33919869
33863703
33863395
33824199
33815284
33725532
33676490
33516253
33502259
33499981
33499940
33482928
33468221
33414326
33413128
33382948
33369229
33335515
33317082
33270717
33249136
33246225
33185493
33024551
32988512
32968071
32948523
32927823
32858186
32848005
32812361
32787773
32748559
32700263
32663059
32531278
32508155
32479635
32435232
32423436
32349400
32337106
32226419
32208434
32204699
32155146
32145322
32123275
32122398
32050327
32031212
32015497
31979034
31978162
31953333
31830598
31825977
31825967
31785113
31757632
31666597
31635158
31560340
31471306
31455640
31417554
31325042
31316478
31315667
31138833
31138751
31137766
31091345
30995938
30981666
30953134
30914068
30885689
30852460
30833676
30796295
30782206
30765765
30728470
30683856
30680877
30658973
30604012
30543873
30532085
30509257
30406643
30309375
30301067
30152893
30135468
30116044
30069307
30064352
30026889
30017197
30016149
30013164
29995839
29906260
29790949
29778183
29692798
29689301
29670191
29624164
29539590
29503636
29465338
29454999
29328543
29281673
29270447
29182421
29167663
29123512
29112136
29097220
29087008
28720731
28606169
28473812
28422970
28390422
28345059
28320307
28234468
28176851
28165194
27876778
27876765
27608918
27454254
26905381
26884164
26676710
26659594
26511795
26420038
26336637
26320104
26101080
26070414
26070001
26058415
26048941
25973144
25336723
25024222
25010839
25007784
24973096
24327339
24136777
24102776
23871375
23840722
23823492
23482581
23216677
22493085
22265636
17132046
16968696
