42139793
42139081
42127418
42121788
42121260
42120383
42118446
42115187
42111294
42106836
42104937
42103277
42100652
42098851
42098593
42096904
42095017
42093272
42075321
42069617
42068031
42067917
42066496
42063196
42059394
42057154
42055201
42046871
42044779
42039826
42036496
42034426
42023591
42019469
42014993
42010457
42002357
41998806
41996550
41996045
41994282
41990134
41980940
41973542
41971325
41971320
41969653
41968748
41966829
41965741
41961352
41951111
41934511
41933826
41933424
41930813
41928361
41925227
41921920
41921236
41912071
41910137
41909891
41904571
41897913
41897699
41896653
41893724
41893658
41892478
41892210
41887297
41882801
41881804
41877920
41877288
41877267
41872963
41872905
41863619
41862790
41854683
41852415
41841524
41840715
41840712
41834217
41829938
41828538
41827064
41816570
41803498
41798955
41794500
41790075
41787302
41784805
41784373
41780079
41778161
41777544
41776697
41771971
41770401
41768933
41762228
41761979
41761700
41759554
41757098
41754401
41754175
41751034
41740355
41736978
41736110
41734043
41724049
41720808
41715225
41715166
41714980
41714781
41707490
41700855
41698575
41696361
41694087
41693971
41691988
41689625
41681414
41679623
41674903
41673994
41673107
41671864
41657996
41655253
41651079
41650801
41648142
41645099
41644796
41644553
41640872
41639568
41634410
41627458
41619990
41619556
41619490
41619482
41618383
41618136
41614136
41597231
41596659
41595535
41589125
41588320
41585377
41576933
41576514
41572341
41568738
41567631
41561024
41558076
41551588
41551583
41547908
41547860
41543328
41540332
41539854
41539238
41539094
41535683
41530817
41527156
41521588
41514203
41508143
41502854
41481285
41478064
41472032
41468963
41467315
41466331
41463937
41458691
41456824
41455002
41453848
41451983
41439481
41439237
41439190
41430301
41428602
41422269
41415820
41415809
41410816
41404904
41403401
41401858
41396495
41394107
41392116
41391055
41389890
41388485
41385957
41378778
41375452
41368641
41368032
41367394
41366428
41358839
41354995
41348832
41340151
41334589
41330454
41321534
41320762
41311501
41310419
41304325
41304309
41304199
41296394
41292709
41291200
41289310
41267035
41264233
41263350
41262456
41249836
41249177
41243097
41239026
41227433
41225248
41197330
41196658
41188219
41180884
41178975
41177025
41172852
41171125
41160143
41156764
41156563
41154019
41151484
41148302
41143740
41143690
41137177
41131583
41121093
41112258
41112047
41108937
41106786
41097662
41093983
41092847
41088378
41084448
41077176
41069598
41068119
41062001
41059035
41052982
41044758
41043307
41043233
41040929
41040880
41039213
41034963
41029787
41026172
41019955
41018532
41015376
41014671
41012834
41011492
41011387
41007342
41007335
41005300
40995227
40989951
40977701
40974529
40972730
40972220
40971838
40969552
40969426
40966844
40943581
40943165
40941346
40929881
40906131
40899487
40895792
40894065
40892742
40882788
40877785
40870601
40867666
40864614
40859157
40865345
40862149
40849482
40846855
40848091
40845728
40845638
40832881
40832181
40819131
40819039
40812483
40812303
40810386
40797302
40791349
40790604
40789238
40784060
40780374
40765405
40764207
40761666
40753386
40753152
40752853
40746878
40744840
40739184
40732113
40731980
40709814
40707808
40703671
40702575
40702553
40701508
40697547
40694261
40687781
40685618
40683643
40676225
40674041
40671160
40661966
40660333
40647045
40646853
40646844
40642988
40640914
40640502
40635073
40630181
40624638
40624625
40622630
40611207
40605035
40604039
40597414
40586543
40584121
40565336
40558396
40558050
40556523
40554894
40554061
40548295
40544520
40544290
40542420
40541587
40537892
40533851
40528272
40523923
40520638
40517265
40510676
40507096
40502184
40502000
40499635
40495477
40495179
40493399
40488951
40486234
40482531
40472396
40468269
40463374
40462165
40459724
40459709
40454811
40442787
40441146
40438215
40428326
40428305
40427376
40423879
40411710
40407096
40400039
40396732
40395807
40392071
40390033
40388308
40384785
40376801
40373385
40372371
40369669
40366862
40361651
40354439
40342698
40338610
40335921
40322835
40321269
40311598
40304525
40302838
40294554
40291804
40290900
40284799
40284724
40275402
40267563
40266918
40266232
40259344
40252750
40252261
40235074
40232107
40231830
40226542
40220715
40215877
40211121
40204742
40185904
40185186
40172215
40170926
40169555
40165946
40165002
40157594
40153196
40151573
40150979
40144527
40129370
40128848
40119394
40102546
40094563
40083031
40078542
40077671
40074067
40064789
40059174
