40074067
40064789
40059174
40058443
40047330
40043390
40037072
40030030
40028749
40004174
40000891
39998226
39990197
39983259
39970096
39968350
39968349
39957783
39947133
39945541
39939365
39938754
39938449
39933221
39931490
39930446
39925879
39920864
39909254
39902937
39898316
39896720
39893159
39892320
39881387
39880958
39870395
39868118
39857256
39843522
39838431
39833973
39827989
39820425
39813598
39812347
39805250
39797472
39795000
39794490
39789436
39779716
39763902
39763640
39763003
39731826
39728494
39725445
39722590
39722326
39714168
39707511
39703701
39703374
39695983
39693209
39692728
39684246
39679617
39675442
39672231
39659556
39659426
39653684
39644773
39641861
39639104
39628067
39624721
39624158
39601555
39592438
39589660
39588199
39577582
39577368
39553288
39551110
39546167
39543167
39541983
39538341
39536756
39529113
39522830
39519025
39505912
39505908
39500545
39496841
39478626
39478562
39456701
39456444
39443733
39440203
39438539
41853503
39433961
39431056
39427267
39426981
39426464
39426111
39420836
39418241
39413681
39409842
39405686
39402236
41676120
39395412
39394961
39386691
39385092
39378970
39371172
39367431
41676124
39354675
39349606
39347539
39342753
39331712
39323428
39318427
39315850
39315779
39313703
39301264
39300575
39290662
39282562
39277616
39277613
39275913
39275258
39270978
39270881
39269772
39264803
39253815
39252839
39244633
39243135
39239875
39235557
39209868
39202331
39198826
39197546
39182227
39162518
39154578
39152482
39149494
39142421
39139377
39089643
39084687
39080726
39070656
39067396
39039075
39037634
39030898
39030691
39030654
39027090
39023128
39020259
39014939
39002480
38975795
38975760
38967039
38962750
38960582
38943206
38942886
38931255
38930552
38923598
38916334
38910254
38900289
38895717
38892281
38882494
38868506
38851338
38845047
38836107
38833830
38832971
38820878
38820703
38819818
38815878
38806322
38802370
38800748
38799407
38792807
38792711
38780275
38775898
38767350
38757812
38745980
38735389
38730321
38723876
38722758
38721725
38718521
38711779
38702766
38701628
38699479
38697408
38694752
38684965
38666967
38664929
38662518
38658654
38647315
38643098
38640403
38633706
38627869
38612577
38608741
38606356
38585881
38579995
38579536
38575861
38572865
38565017
38562901
38556024
38554650
38553666
38546528
38533674
38532703
38522229
38498111
38497257
38483744
38481663
38443405
38441977
38420673
38406876
38406269
38399658
38376627
38366194
38365827
38365257
38349151
38338088
38336047
38317217
38309691
38305171
38305096
38294254
38281699
38273006
38254365
38254181
38229330
38217406
38191834
38189277
38188576
38171069
38167330
38163076
38158101
38156010
38147943
38145852
38145758
38140087
38139130
38137965
38136849
38133228
38118419
38108689
38104504
38104411
38095429
38093327
38072228
38068802
38067023
38033571
38016315
38006569
38004740
37974103
37972468
37966536
37957747
37941936
37936065
37877794
37865178
37858797
37843219
37841475
37830742
37828802
37803714
37788279
37777765
37774039
37752225
37749431
37747192
37735195
37726374
37724888
37684563
37670231
37657622
37650630
37648194
37630578
37628701
37624284
37621652
37620319
37608207
37591518
37563495
37553874
37537673
37528457
37525141
37497061
37493577
37490989
37485826
37473695
37465027
37445967
37444034
37440367
37434868
37428087
37399986
37398234
37386754
37365713
37358243
37355675
37343363
37317330
37304849
37301103
37299550
37280708
37273228
37269991
37267060
37258862
37255458
37249588
37238082
37238063
37231976
37231089
37215025
37208617
37194081
37183784
37178843
37175619
37166318
37159524
37158970
37152756
37140369
37133385
37119391
37118698
37110500
37102874
37100380
37090719
37087457
37085482
37067276
37060751
37056746
37049457
37040763
37018898
37003055
36993518
36992396
36975791
36943061
36936880
36930202
36925044
36922976
36922385
36921777
36920238
36915382
36910168
36908513
36879316
36869370
36860485
36850017
36846268
36838473
36824263
36820999
36778880
36765824
36759753
36737703
36722794
36713446
36712061
36710967
36699263
36685560
36677548
36670455
36631912
36625575
36618709
36593662
36575413
36560955
36558391
36533929
36522762
36504762
36496925
36496380
36474293
36472670
36471455
36468884
36466423
36442452
36434671
36427721
36411435
36389176
36386940
36386659
36380056
36368924
36346230
36331819
36331337
36326884
36321901
36321893
36318011
36313418
36296333
36290099
36288294
36287790
36232865
36230772
36225357
36224580
36221927
36216056
36212853
36210003
36204621
36202201
36194530
36181381
36178961
36167169
36165828
36160848
36160245
36155528
36144180
36139998
36128620
36119925
36115504
36112078
36111438
36109557
36108705
36108700
36103095
36056619
36045431
36028255
36026526
36003944
35995802
35992659
35990279
35989412
35988549
35982311
37938667
35978102
35950862
35943661
35923413
35923394
35922873
35922588
35908467
35907589
35906393
35893549
35892380
35889095
35875797
35858469
35814682
35814657
35807903
35801115
35783415
35781864
35773309
35752638
35751084
35749534
35744684
35694302
35680942
35675291
35672613
35658830
35654195
35625259
35618944
35601103
35596140
35595857
35593171
35583811
35579684
35559844
35545042
35538082
35536006
35528135
35526643
35516807
38868570
35502903
35499050
35495718
37915425
35485447
35464928
35456777
35449330
35440042
35436900
35434041
35417481
35416680
35402298
35399616
35389162
35383822
35367886
35354069
39131681
35345588
35344714
35323827
35301363
35298370
35296712
35291481
35282279
35280539
35262396
35250914
35246246
35240353
35239511
35239463
35237631
35230155
35222847
35209934
35209070
35208787
35194021
35191911
35187178
35186653
35185856
35185850
35158041
35154087
35151255
35141306
35139923
35130731
35108565
35103093
35095912
35063575
35055048
35051309
35048279
35032344
35023810
35019672
35002754
34975785
36891249
34965016
34964882
34961896
34956130
34951957
34938813
34937766
34920070
34910917
34906228
34903850
34896003
34882531
36619855
34867862
34851181
34844317
34843867
34837955
34828011
34824318
34819495
34812652
34782034
34776340
34742104
34737748
34732816
34711286
34710422
34707577
34683385
34681902
34676935
34638954
34598739
34579036
34564366
34562635
34548111
34537163
34520120
34514619
34484168
34475403
34469017
34461052
34454628
34407839
34374428
34370660
34355428
34325744
34315772
34307537
34277753
34274493
34264153
34253790
34237462
34233229
34193290
34149685
34139588
34112927
34111469
34111423
34109451
34103703
34097462
34085924
34080630
34079556
34078289
34068994
34061623
34048707
34047390
34040632
34039634
34026772
34024606
34017060
33995413
33990699
33980682
33980678
33973321
33970781
33962692
33957869
33952353
33945308
33924516
33917566
33912174
33897627
33894059
33880565
33879801
33868800
33859184
33841399
33824199
33815329
33815284
33811041
33800578
33795775
33781870
33771219
33766942
33762614
33758301
33758228
33747047
33738881
33734582
33709132
33708211
33706240
33689000
33676490
33663618
33637779
33627510
33604305
33600956
33593429
33588951
33570553
33552594
33542301
33535685
33525627
33504116
33499981
33496989
33485839
33484150
33469669
33432149
33424783
33414326
33413361
33413128
33395552
33389354
33386517
33382948
33376062
33369229
33364453
33361321
33329584
33329438
33317254
33310720
33310084
33292949
33285231
33270717
33249136
33246225
33218339
33182758
33148984
33140419
33127154
33124780
33097978
33065016
33063083
33039712
33039709
33027674
33024551
33003412
32987859
32968156
32968071
32957565
32945998
32928304
32927823
32920015
32917644
32898701
32864518
32860791
32858186
32849435
32839200
32835897
32817384
32812361
32793625
32793154
32787773
32774330
32758760
32753508
32748559
32743520
32723789
32706816
32706377
32704056
32691653
32663059
32617829
32600361
32591006
32587943
32582053
32580805
32531278
32522544
32484785
32479018
32478081
32473013
32466241
32455745
32442562
32435232
32433514
32423436
32408110
32388254
32387495
32375874
32356337
32337106
32313421
32292931
32265914
32256492
32247371
32245246
32245128
32235826
32226419
32210948
32210932
32203121
32200314
32194513
32188862
32173258
32168729
32152478
32145322
32138779
32135388
32122398
34435164
32103130
32093685
32079472
32075887
32075341
32056780
32050327
32041654
32038603
32038587
32031212
32019684
32014483
31992112
31979034
31978162
31965894
31964729
31959971
31956324
31954373
31953333
31928131
31928124
31925997
31924621
31911491
31907101
31905172
31885873
31880067
31873717
31870316
31837260
31836758
31821372
31798840
31767028
31759944
31757632
31750259
31750036
31739640
31739261
31726738
31719654
31719139
31711887
31708889
31704882
31700622
31698863
31697678
31682994
31679421
31676854
31652812
31635158
31628395
31619307
31604771
31588624
31585122
31564708
31562300
31556231
31554820
31545802
31543403
31531910
31523007
31496126
31471306
31465735
31465520
31464319
31461893
31454888
31445216
31437575
31417524
31411526
31404163
31401751
31379808
31373710
31369062
31367159
31344227
31336215
31334133
31332384
31321385
31316478
31316056
31310663
31293986
31284329
31280331
31269412
31250899
31248008
31247969
31244784
31240754
31240226
31205409
31196622
31191488
31181638
31160269
31141224
31139722
31138833
31138751
31137766
31126262
31101528
31091345
31061496
31046662
31015324
31001490
30995949
30995938
30981666
30974142
30953747
30953119
30944520
30926487
30922964
30918057
30899534
30898652
30897248
30887528
30885689
30885266
30853028
30837612
30833676
30828378
30824791
30814921
30809227
30804903
30800107
30796295
30791436
30761104
30738924
30733472
30728470
30719705
30718848
30698687
30696861
30690359
30680877
30660184
30658995
30658973
30604012
32159077
30588567
30579332
30562162
30538693
30535578
30532085
30525664
30518356
30509257
30462522
30446434
30424933
30420838
30401779
30396006
30392727
30368579
30366990
30359379
30356183
30354816
30320222
30301067
30296008
30270610
30262950
30246365
30233512
30232167
30168288
30149004
30126153
30104612
30086347
30083467
30077182
30076897
30074661
30069307
30068938
30064352
30026889
30017197
30016149
30010734
30001854
29995839
29988353
29973630
29950381
29922970
29906260
29898983
29898804
29892276
29803114
29800328
29784074
29780377
29773876
29770137
29765359
29762899
29733457
29722014
29719871
29700420
29692798
29691748
29689301
29683848
29669589
29654556
29633335
29621980
29621590
29590046
29554272
29540768
29540269
29511208
29507058
29503636
29497869
29487856
29463537
29454999
29439741
29416567
29395346
29379124
29371761
29355278
29354108
29330189
29311667
29293174
29281673
29268121
29251611
29203964
29197424
29187243
29171095
29141885
29124770
29123512
29101024
29065967
29047329
29045670
28973392
28967204
28955177
28951889
28947833
28912574
28904137
28893994
28891744
28883460
28870713
28866243
28861066
28852094
28849048
28848539
28830126
28821731
28783248
28767318
28761060
28748273
28720731
28710513
28646502
28640714
28605130
28585938
28543188
28533691
28527760
28484095
28479399
28475713
28434033
28417460
28415628
28392784
28383519
28367086
28349946
28345673
28345059
28320307
28280484
28256031
28252037
28239436
28232956
28191503
28182951
28176851
28176435
28167213
28155661
28051919
28028921
27998035
27915284
27894254
27887570
27860093
27801835
27787576
27743904
27763733
27709286
27708630
27703805
27701454
27641717
27628212
27608918
27604252
27573830
27554980
27522435
27454254
27388460
27315483
27303377
27255518
27242374
27231242
27146150
27124954
27102666
27012595
27012191
26905381
26780893
26754178
26749443
26715080
26711739
26659594
26568112
26553382
26443005
26425705
26423395
26419466
26393325
26388849
26378041
26323630
26321425
26320104
26319658
26264196
26167280
26143242
26070001
26046242
26040234
26027543
25909276
25887697
25774601
25703686
25675094
25652653
25625313
25604266
25532804
25527750
25524569
25423494
25382376
25310759
25261516
25010839
24912178
24797416
24637798
26260088
24315484
24259713
24209636
24204633
24136777
24134150
24108330
24023907
23982161
23889584
23840608
23806346
23802730
23482581
23457582
23209704
23071679
22955886
22878238
22853923
22343914
22162948
22128350
22006317
21957459
21575148
21436049
20962874
20724384
20085629
19782151
18769213
18757757
18407065
